[  9.85016019  10.27868385   9.23223014]
[4, 2, 5, 4]
9 14.0
[0, 1, 2, 2]
26 27.0
[5, 4, 3, 4]
8 11.0
[4, 4, 5, 1]
11 19.0
[1, 2, 3, 0]
1 20.0
[2, 3, 0, 0]
18 15.0
[3, 0, 0, 3]
25 19.0
[3, 1, 1, 1]
11 19.0
[1, 1, 1, 2]
23 18.0
[4, 5, 2, 5]
13 18.0
[4, 5, 4, 3]
9 19.0
[2, 5, 4, 4]
9 16.0
[5, 4, 4, 1]
3 11.0
[4, 5, 4, 2]
7 16.0
[2, 5, 5, 4]
15 14.0
[5, 5, 4, 3]
24 12.0
[5, 4, 3, 4]
18 11.0
[1, 0, 1, 4]
18 15.0
[1, 1, 1, 2]
18 18.0
[3, 5, 3, 4]
5 14.0
[0, 3, 0, 1]
22 15.0
[5, 1, 5, 6]
9 21.0
[5, 6, 1, 3]
4 14.0
[4, 5, 6, 4]
9 6.0
[5, 6, 4, 1]
17 17.0
[0, 3, 1, 0]
7 17.0
[3, 1, 0, 1]
7 14.0
[1, 0, 1, 1]
20 24.0
[0, 1, 1, 4]
29 14.0
[1, 4, 5, 5]
4 15.0
[5, 0, 0, 0]
15 8.0
[0, 0, 0, 3]
19 18.0
[0, 0, 3, 3]
12 20.0
[0, 5, 5, 5]
24 13.0
[5, 5, 5, 4]
26 4.0
[5, 5, 4, 5]
20 14.0
[5, 4, 5, 4]
15 8.0
[4, 5, 4, 3]
11 19.0
[2, 0, 1, 1]
30 18.0
[1, 6, 5, 3]
11 7.0
[6, 5, 3, 2]
24 15.0
[4, 6, 3, 2]
19 11.0
[3, 4, 4, 5]
18 11.0
[4, 4, 5, 3]
30 16.0
[2, 5, 5, 5]
20 19.0
[5, 5, 5, 4]
2 4.0
[0, 0, 6, 0]
28 17.0
[1, 0, 1, 0]
3 18.0
[0, 1, 0, 0]
5 12.0
[1, 0, 0, 1]
29 14.0
[0, 0, 1, 5]
2 19.0
[0, 1, 5, 0]
7 20.0
[3, 5, 5, 3]
12 17.0
[5, 5, 3, 2]
4 13.0
[3, 2, 0, 0]
6 18.0
[2, 0, 0, 1]
14 16.0
[0, 0, 1, 2]
3 17.0
[0, 1, 2, 0]
11 15.0
[3, 0, 1, 0]
25 14.0
[0, 1, 0, 5]
15 19.0
[3, 2, 6, 4]
19 13.0
[2, 6, 4, 3]
11 20.0
[6, 4, 3, 2]
25 13.0
[1, 5, 5, 4]
21 13.0
[5, 5, 4, 4]
3 20.0
[1, 3, 0, 2]
17 15.0
[5, 4, 3, 5]
17 13.0
[4, 3, 5, 3]
16 14.0
[4, 4, 5, 4]
12 9.0
[4, 5, 4, 2]
13 16.0
[4, 0, 1, 0]
8 11.0
[0, 1, 0, 1]
22 15.0
[4, 5, 3, 4]
6 22.0
[5, 3, 3, 6]
15 26.0
[3, 6, 3, 5]
25 22.0
[6, 3, 5, 5]
29 20.0
[3, 5, 5, 5]
24 9.0
[5, 5, 5, 4]
16 4.0
[5, 5, 4, 3]
22 12.0
[4, 4, 4, 5]
9 11.0
[5, 1, 4, 4]
1 20.0
[2, 4, 4, 4]
18 15.0
[4, 4, 4, 3]
22 19.0
[4, 4, 3, 4]
17 13.0
[1, 1, 2, 1]
15 18.0
[1, 2, 1, 3]
7 14.0
[2, 1, 3, 1]
12 17.0
[1, 5, 5, 6]
11 2.0
[5, 5, 6, 2]
26 26.0
[5, 6, 2, 5]
26 8.0
[4, 3, 3, 5]
1 18.0
[6, 1, 6, 6]
30 14.0
[1, 6, 6, 6]
3 14.0
[6, 6, 6, 0]
24 16.0
[6, 6, 0, 4]
4 13.0
[0, 4, 0, 0]
12 13.0
[0, 0, 2, 4]
2 11.0
[0, 2, 4, 0]
15 14.0
[4, 3, 5, 4]
11 23.0
[2, 2, 2, 0]
1 17.0
[2, 2, 0, 0]
29 8.0
[1, 3, 1, 0]
11 14.0
[3, 1, 0, 2]
13 20.0
[4, 4, 3, 5]
28 16.0
[4, 3, 5, 5]
5 16.0
[4, 2, 5, 5]
1 16.0
[0, 1, 4, 0]
23 13.0
[4, 5, 3, 4]
8 22.0
[3, 4, 4, 6]
12 14.0
[4, 4, 6, 2]
28 8.0
[4, 6, 2, 5]
3 18.0
[1, 2, 3, 0]
27 20.0
[0, 5, 0, 0]
6 10.0
[0, 0, 1, 4]
27 17.0
[4, 5, 2, 4]
16 15.0
[2, 0, 1, 2]
7 19.0
[0, 1, 2, 1]
2 16.0
[1, 2, 1, 0]
27 17.0
[2, 0, 1, 1]
16 18.0
[0, 1, 1, 3]
14 18.0
[5, 6, 3, 5]
30 10.0
[6, 3, 5, 6]
29 19.0
[3, 5, 6, 5]
28 6.0
[5, 6, 5, 5]
12 11.0
[6, 5, 5, 2]
29 13.0
[5, 5, 2, 5]
20 18.0
[5, 2, 5, 4]
14 20.0
[1, 3, 1, 1]
11 13.0
[1, 1, 2, 2]
30 14.0
[4, 5, 4, 6]
4 18.0
[5, 4, 6, 0]
9 15.0
[0, 1, 2, 2]
11 27.0
[5, 0, 1, 0]
19 18.0
[0, 1, 0, 3]
28 20.0
[5, 2, 0, 0]
7 15.0
[1, 0, 5, 0]
21 10.0
[0, 2, 3, 0]
26 17.0
[1, 3, 1, 1]
29 13.0
[4, 2, 4, 6]
21 21.0
[2, 4, 6, 4]
12 7.0
[3, 5, 5, 2]
15 17.0
[3, 3, 0, 0]
21 9.0
[0, 0, 4, 2]
21 21.0
[4, 2, 4, 5]
7 14.0
9.97322805203