[ 12.22954437  12.25030228  12.35108158]
[26, 24, 17, 23]
8 [6]
[8, 5, 7, 10]
18 [23]
[2, 19, 3, 5]
22 [7]
[24, 28, 30, 20]
9 [1]
[4, 16, 8, 1]
7 [1]
[8, 1, 7, 7]
20 [24]
[4, 4, 1, 15]
19 [21]
[28, 26, 28, 24]
26 [1]
[26, 28, 24, 26]
20 [3]
[28, 24, 26, 20]
15 [27]
[12, 27, 27, 27]
20 [9]
[27, 27, 27, 20]
2 [20]
[5, 4, 6, 2]
3 [19]
[4, 6, 2, 3]
5 [29]
[6, 2, 3, 5]
29 [22]
[12, 4, 3, 6]
14 [12]
[4, 3, 6, 14]
3 [21]
[3, 6, 14, 3]
11 [1]
[26, 28, 23, 21]
3 [16]
[29, 21, 16, 29]
17 [16]
[20, 21, 26, 22]
12 [23]
[3, 8, 4, 8]
22 [6]
[25, 18, 16, 30]
15 [29]
[30, 15, 26, 25]
29 [17]
[15, 26, 25, 29]
24 [18]
[26, 25, 29, 24]
16 [1]
[25, 29, 24, 16]
22 [1]
[9, 5, 11, 6]
15 [30]
[9, 28, 29, 30]
11 [30]
[28, 29, 30, 11]
26 [30]
[29, 30, 11, 26]
26 [2]
[30, 6, 30, 30]
30 [16]
[6, 30, 30, 30]
3 [5]
[30, 30, 30, 3]
24 [3]
[24, 19, 26, 22]
11 [27]
[10, 14, 3, 1]
29 [18]
[7, 16, 5, 3]
11 [12]
[23, 21, 18, 29]
28 [19]
[21, 18, 29, 28]
5 [9]
[17, 23, 24, 30]
12 [2]
[23, 24, 30, 12]
28 [1]
[24, 30, 12, 28]
3 [3]
[2, 6, 14, 7]
2 [15]
[6, 14, 7, 2]
27 [19]
[13, 2, 9, 7]
16 [5]
[29, 30, 17, 29]
30 [28]
[30, 17, 29, 30]
29 [15]
[17, 29, 30, 29]
28 [3]
[29, 30, 29, 28]
12 [4]
[30, 29, 28, 12]
29 [3]
[29, 28, 12, 29]
20 [28]
[28, 12, 29, 20]
14 [5]
[20, 27, 23, 30]
4 [19]
[4, 6, 2, 19]
28 [4]
[24, 13, 24, 28]
7 [12]
[ 14.00519384]