[ 12.5116748   12.28222203  12.26493076]
[5, 4, 3, 4]
8 [8]
[1, 1, 1, 2]
18 [28]
[0, 3, 0, 1]
22 [4]
[4, 5, 6, 4]
9 [1]
[0, 3, 1, 0]
7 [13]
[1, 0, 1, 1]
20 [23]
[0, 0, 0, 3]
19 [4]
[5, 5, 5, 4]
26 [3]
[5, 5, 4, 5]
20 [6]
[5, 4, 5, 4]
15 [4]
[2, 5, 5, 5]
20 [30]
[5, 5, 5, 4]
2 [3]
[1, 0, 1, 0]
3 [16]
[0, 1, 0, 0]
5 [8]
[1, 0, 0, 1]
29 [14]
[2, 0, 0, 1]
14 [14]
[0, 0, 1, 2]
3 [21]
[0, 1, 2, 0]
11 [21]
[5, 5, 4, 4]
3 [27]
[5, 4, 3, 5]
17 [1]
[4, 4, 5, 4]
12 [8]
[0, 1, 0, 1]
22 [16]
[5, 3, 3, 6]
15 [29]
[6, 3, 5, 5]
29 [24]
[3, 5, 5, 5]
24 [3]
[5, 5, 5, 4]
16 [3]
[5, 5, 4, 3]
22 [26]
[1, 1, 2, 1]
15 [21]
[1, 5, 5, 6]
11 [2]
[5, 5, 6, 2]
26 [28]
[5, 6, 2, 5]
26 [3]
[6, 1, 6, 6]
30 [16]
[1, 6, 6, 6]
3 [18]
[6, 6, 6, 0]
24 [15]
[4, 3, 5, 4]
11 [27]
[2, 2, 0, 0]
29 [1]
[1, 3, 1, 0]
11 [1]
[4, 4, 3, 5]
28 [19]
[4, 3, 5, 5]
5 [11]
[3, 4, 4, 6]
12 [2]
[4, 4, 6, 2]
28 [1]
[4, 6, 2, 5]
3 [16]
[0, 1, 2, 1]
2 [6]
[1, 2, 1, 0]
27 [30]
[2, 0, 1, 1]
16 [20]
[5, 6, 3, 5]
30 [3]
[6, 3, 5, 6]
29 [24]
[3, 5, 6, 5]
28 [5]
[5, 6, 5, 5]
12 [15]
[6, 5, 5, 2]
29 [14]
[5, 5, 2, 5]
20 [28]
[5, 2, 5, 4]
14 [28]
[4, 5, 4, 6]
4 [28]
[0, 1, 0, 3]
28 [28]
[4, 2, 4, 5]
7 [12]
[ 13.54386812]
========================================
[ 16.03381028  16.88681666  16.88960096]
[5, 4, 3, 4]
8 [4]
[1, 1, 1, 2]
18 [4]
[0, 3, 0, 1]
22 [4]
[4, 5, 6, 4]
9 [4]
[0, 3, 1, 0]
7 [4]
[1, 0, 1, 1]
20 [4]
[0, 0, 0, 3]
19 [4]
[5, 5, 5, 4]
26 [4]
[5, 5, 4, 5]
20 [4]
[5, 4, 5, 4]
15 [4]
[2, 5, 5, 5]
20 [4]
[5, 5, 5, 4]
2 [4]
[1, 0, 1, 0]
3 [4]
[0, 1, 0, 0]
5 [4]
[1, 0, 0, 1]
29 [4]
[2, 0, 0, 1]
14 [4]
[0, 0, 1, 2]
3 [4]
[0, 1, 2, 0]
11 [4]
[5, 5, 4, 4]
3 [4]
[5, 4, 3, 5]
17 [4]
[4, 4, 5, 4]
12 [4]
[0, 1, 0, 1]
22 [4]
[5, 3, 3, 6]
15 [4]
[6, 3, 5, 5]
29 [4]
[3, 5, 5, 5]
24 [4]
[5, 5, 5, 4]
16 [4]
[5, 5, 4, 3]
22 [4]
[1, 1, 2, 1]
15 [4]
[1, 5, 5, 6]
11 [4]
[5, 5, 6, 2]
26 [4]
[5, 6, 2, 5]
26 [4]
[6, 1, 6, 6]
30 [4]
[1, 6, 6, 6]
3 [4]
[6, 6, 6, 0]
24 [4]
[4, 3, 5, 4]
11 [4]
[2, 2, 0, 0]
29 [4]
[1, 3, 1, 0]
11 [4]
[4, 4, 3, 5]
28 [4]
[4, 3, 5, 5]
5 [4]
[3, 4, 4, 6]
12 [4]
[4, 4, 6, 2]
28 [4]
[4, 6, 2, 5]
3 [4]
[0, 1, 2, 1]
2 [4]
[1, 2, 1, 0]
27 [4]
[2, 0, 1, 1]
16 [4]
[5, 6, 3, 5]
30 [4]
[6, 3, 5, 6]
29 [4]
[3, 5, 6, 5]
28 [4]
[5, 6, 5, 5]
12 [4]
[6, 5, 5, 2]
29 [4]
[5, 5, 2, 5]
20 [4]
[5, 2, 5, 4]
14 [4]
[4, 5, 4, 6]
4 [4]
[0, 1, 0, 3]
28 [4]
[4, 2, 4, 5]
7 [4]
[ 15.64434257]